# name: E6 Harestua to Grua (section ATK)
# fallbackSpeedKmh: 80
# osrmDistanceMeters: 11246.5
# osrmDurationSeconds: 721
60.184692,10.707385
60.184720,10.707328
60.184828,10.707100
60.184944,10.706839
60.185065,10.706552
60.185456,10.705579
60.185557,10.705332
60.185679,10.705030
60.185777,10.704802
60.185880,10.704574
60.185984,10.704359
60.186110,10.704111
60.186228,10.703892
60.186346,10.703695
60.186457,10.703513
60.186584,10.703319
60.186701,10.703150
60.186832,10.702976
60.186980,10.702792
60.187114,10.702633
60.187246,10.702492
60.187356,10.702382
60.187461,10.702282
60.187581,10.702180
60.187713,10.702076
60.187851,10.701974
60.187978,10.701891
60.188107,10.701811
60.188234,10.701740
60.188349,10.701678
60.188463,10.701625
60.188577,10.701577
60.188697,10.701537
60.188826,10.701502
60.188940,10.701471
60.189076,10.701442
60.189202,10.701422
60.189360,10.701408
60.189474,10.701406
60.189603,10.701408
60.189722,10.701415
60.189845,10.701429
60.189993,10.701454
60.190134,10.701487
60.190273,10.701527
60.190428,10.701582
60.190594,10.701648
60.190756,10.701730
60.190909,10.701812
60.191062,10.701916
60.191251,10.702050
60.191453,10.702216
60.191673,10.702417
60.191918,10.702666
60.192369,10.703144
60.192578,10.703361
60.192722,10.703513
60.192883,10.703658
60.193043,10.703794
60.193206,10.703924
60.193429,10.704087
60.193626,10.704214
60.193813,10.704313
60.193998,10.704400
60.194170,10.704469
60.194386,10.704555
60.194584,10.704620
60.194789,10.704679
60.194998,10.704730
60.195247,10.704786
60.195509,10.704833
60.195727,10.704856
60.195906,10.704877
60.196130,10.704884
60.196364,10.704889
60.196572,10.704883
60.196759,10.704868
60.196955,10.704846
60.197167,10.704813
60.197382,10.704767
60.197587,10.704723
60.197783,10.704674
60.197985,10.704613
60.198156,10.704550
60.198329,10.704473
60.198483,10.704399
60.198657,10.704298
60.198824,10.704192
60.198974,10.704092
60.199120,10.703972
60.199304,10.703821
60.199471,10.703663
60.199660,10.703465
60.199851,10.703249
60.200071,10.702981
60.200891,10.701920
60.201156,10.701582
60.201330,10.701364
60.201486,10.701175
60.201610,10.701034
60.201740,10.700899
60.201870,10.700767
60.201990,10.700652
60.202108,10.700548
60.202221,10.700454
60.202351,10.700353
60.202474,10.700265
60.202586,10.700193
60.202721,10.700109
60.202877,10.700017
60.203072,10.699908
60.203314,10.699781
60.204369,10.699226
60.204602,10.699103
60.204836,10.698988
60.205073,10.698871
60.205331,10.698747
60.205562,10.698645
60.205779,10.698553
60.206013,10.698455
60.206246,10.698363
60.206430,10.698288
60.206594,10.698229
60.206751,10.698178
60.206930,10.698115
60.207159,10.698035
60.207328,10.697985
60.207558,10.697917
60.207756,10.697863
60.207921,10.697821
60.208202,10.697753
60.208474,10.697685
60.208704,10.697641
60.208883,10.697609
60.209050,10.697581
60.209214,10.697553
60.209390,10.697525
60.209503,10.697514
60.209688,10.697485
60.209853,10.697468
60.210128,10.697438
60.210488,10.697414
60.210793,10.697399
60.211122,10.697391
60.211606,10.697387
60.211940,10.697396
60.212275,10.697419
60.212544,10.697441
60.212834,10.697480
60.213191,10.697533
60.213455,10.697597
60.213734,10.697671
60.213985,10.697754
60.214222,10.697850
60.214429,10.697939
60.214709,10.698069
60.215116,10.698267
60.215713,10.698557
60.216002,10.698683
60.216261,10.698788
60.216463,10.698862
60.216658,10.698925
60.216859,10.698975
60.217046,10.699017
60.217246,10.699050
60.217463,10.699076
60.217712,10.699102
60.217957,10.699122
60.218459,10.699159
60.218647,10.699174
60.218868,10.699193
60.219069,10.699213
60.219300,10.699250
60.219524,10.699296
60.219768,10.699344
60.219996,10.699403
60.220241,10.699472
60.220444,10.699534
60.220685,10.699623
60.220915,10.699719
60.221189,10.699827
60.221611,10.700023
60.222905,10.700629
60.223793,10.701057
60.224018,10.701166
60.224234,10.701271
60.224419,10.701378
60.224607,10.701488
60.224758,10.701579
60.224899,10.701668
60.225039,10.701766
60.225219,10.701898
60.225370,10.702015
60.225529,10.702149
60.225669,10.702270
60.225799,10.702391
60.225927,10.702512
60.226083,10.702670
60.226245,10.702841
60.226478,10.703100
60.227002,10.703692
60.227198,10.703912
60.227330,10.704056
60.227465,10.704203
60.227598,10.704328
60.227737,10.704449
60.227896,10.704574
60.228051,10.704678
60.228203,10.704776
60.228342,10.704852
60.228467,10.704916
60.228569,10.704956
60.228699,10.705008
60.228813,10.705038
60.228941,10.705077
60.229079,10.705104
60.229207,10.705123
60.229343,10.705133
60.229501,10.705136
60.229673,10.705124
60.229848,10.705105
60.229995,10.705074
60.230127,10.705035
60.230252,10.704994
60.230422,10.704928
60.230567,10.704861
60.230686,10.704796
60.230845,10.704700
60.230994,10.704596
60.231165,10.704464
60.231303,10.704343
60.231436,10.704219
60.231652,10.703995
60.231884,10.703733
60.232139,10.703439
60.233086,10.702334
60.233274,10.702113
60.233427,10.701934
60.233571,10.701771
60.233710,10.701626
60.233844,10.701494
60.233951,10.701393
60.234040,10.701309
60.234124,10.701237
60.234236,10.701148
60.234328,10.701083
60.234428,10.701020
60.234525,10.700964
60.234631,10.700904
60.234724,10.700858
60.234835,10.700809
60.234964,10.700756
60.235101,10.700704
60.235294,10.700637
60.235567,10.700541
60.235757,10.700474
60.235915,10.700407
60.236076,10.700332
60.236280,10.700220
60.236443,10.700121
60.236589,10.700023
60.236728,10.699923
60.236845,10.699829
60.236990,10.699703
60.237132,10.699571
60.237279,10.699424
60.237414,10.699278
60.237546,10.699123
60.237693,10.698941
60.237830,10.698764
60.237980,10.698547
60.238146,10.698299
60.238320,10.698005
60.238610,10.697505
60.239631,10.695713
60.240851,10.693567
60.241756,10.691981
60.242824,10.690101
60.243139,10.689549
60.243331,10.689221
60.243481,10.688973
60.243618,10.688759
60.243735,10.688583
60.243867,10.688397
60.244006,10.688211
60.244250,10.687905
60.244547,10.687537
60.244682,10.687368
60.244786,10.687233
60.244920,10.687061
60.245045,10.686894
60.245057,10.686877
60.245167,10.686720
60.245267,10.686565
60.245367,10.686410
60.245456,10.686260
60.245566,10.686064
60.245662,10.685885
60.245758,10.685704
60.245860,10.685501
60.245956,10.685305
60.246076,10.685046
60.246176,10.684821
60.246304,10.684534
60.246585,10.683908
60.246812,10.683414
60.246983,10.683053
60.247158,10.682700
60.247302,10.682426
60.247507,10.682037
60.247650,10.681766
60.247832,10.681451
60.247969,10.681220
60.248123,10.680964
60.248274,10.680724
60.248415,10.680508
60.248565,10.680291
60.248793,10.679962
60.249098,10.679542
60.249171,10.679452
60.249312,10.679272
60.249417,10.679143
60.249571,10.678958
60.249735,10.678764
60.249891,10.678589
60.250041,10.678426
60.250200,10.678261
60.250027,10.678284
60.249990,10.678285
60.249947,10.678278
60.249908,10.678258
60.249864,10.678215
60.249825,10.678152
60.249794,10.678071
60.249773,10.677992
60.249761,10.677929
60.249751,10.677854
60.249747,10.677766
60.249751,10.677558
60.249786,10.677425
60.249824,10.677295
60.249860,10.677180
60.249907,10.677050
60.249949,10.676943
60.250032,10.676828
60.250094,10.676723
60.250150,10.676633
60.250189,10.676581
60.250223,10.676544
60.250248,10.676539
60.250272,10.676522
60.250293,10.676493
60.250311,10.676451
60.250323,10.676402
60.250328,10.676349
60.250325,10.676294
60.250320,10.676259
60.250311,10.676227
60.250324,10.676077
60.250339,10.675930
60.250351,10.675807
60.250366,10.675579
60.250505,10.674766
60.250520,10.674680
60.250558,10.674449
60.250724,10.673473
60.250784,10.673120
60.250844,10.672754
60.250901,10.672382
60.250945,10.672106
60.250982,10.671829
60.251015,10.671584
60.251052,10.671263
60.251073,10.671074
60.251101,10.670813
60.251130,10.670502
60.251156,10.670187
60.251175,10.669940
60.251194,10.669650
60.251206,10.669416
60.251215,10.669217
60.251221,10.669038
60.251226,10.668889
60.251233,10.668651
60.251237,10.668399
60.251243,10.668109
60.251251,10.667584
60.251257,10.666785
60.251274,10.666139
60.251284,10.665509
60.251287,10.665266
60.251290,10.664981
60.251291,10.664784
60.251288,10.664426
60.251282,10.664139
60.251272,10.663880
60.251265,10.663683
60.251261,10.663486
60.251262,10.663256
60.251267,10.663077
60.251277,10.662912
60.251290,10.662761
60.251306,10.662625
60.251322,10.662505
60.251349,10.662350
60.251376,10.662208
60.251412,10.662047
60.251447,10.661915
60.251487,10.661768
60.251538,10.661602
60.251599,10.661410
60.251666,10.661216
60.251740,10.661014
60.251812,10.660829
60.251868,10.660697
60.251914,10.660599
60.251957,10.660510
60.252010,10.660414
60.252050,10.660344
60.252124,10.660222
60.252204,10.660101
60.252306,10.659962
60.252398,10.659849
60.252505,10.659729
60.252588,10.659644
60.252681,10.659558
60.252772,10.659486
60.252865,10.659423
60.252935,10.659382
60.253010,10.659349
60.253125,10.659301
60.253257,10.659255
60.253431,10.659197
60.253771,10.659083
60.253869,10.659050
60.253977,10.659017
60.254087,10.658985
60.254123,10.658975
60.254223,10.658947
60.254342,10.658918
60.254426,10.658903
60.254529,10.658890
60.254625,10.658891
60.254708,10.658904
60.254782,10.658925
60.254851,10.658954
60.254943,10.659001
60.255023,10.659050
60.255133,10.659133
60.255389,10.659341
60.255511,10.659448
60.255628,10.659557
60.255734,10.659662
60.255829,10.659764
60.255904,10.659849
60.255968,10.659928
60.256028,10.660011
60.256100,10.660120
60.256164,10.660227
60.256218,10.660331
60.256258,10.660419
60.256303,10.660529
60.256353,10.660658
60.256493,10.661052
60.256584,10.661321
60.256715,10.661713
60.256799,10.661968
60.256824,10.662043
60.256858,10.662132
60.256896,10.662230
60.256924,10.662302
60.256959,10.662394
60.257062,10.662668
60.257161,10.662929
60.257266,10.663189
60.257371,10.663434
60.257466,10.663635
60.257543,10.663788
60.257627,10.663931
60.257698,10.664033
60.257776,10.664135
60.257870,10.664255
60.257971,10.664365
60.258089,10.664473
60.258223,10.664599
60.258449,10.664791
60.258590,10.664911
60.258722,10.665024
60.258748,10.665047
60.258817,10.665106
60.259138,10.665388
60.259240,10.665480
60.259314,10.665553
60.259381,10.665626
60.259448,10.665716
60.259500,10.665790
60.259558,10.665882
60.259617,10.665986
60.259673,10.666094
60.259729,10.666212
60.259787,10.666345
60.259971,10.666778
60.260211,10.667321
60.260275,10.667466
60.260331,10.667577
60.260383,10.667675
60.260435,10.667765
60.260482,10.667836
60.260526,10.667905
60.260563,10.667956
60.260581,10.667979
60.260614,10.668018
60.260681,10.668096
60.260779,10.668197
60.260855,10.668268
60.260951,10.668352
60.261017,10.668390
60.261070,10.668421
60.261147,10.668461
60.261222,10.668490
60.261298,10.668521
60.261337,10.668532
60.261379,10.668545
60.261484,10.668567
60.261598,10.668589
60.261698,10.668608
60.262482,10.668743
60.262587,10.668760
60.262719,10.668780
60.262804,10.668789
60.262900,10.668797
60.262996,10.668797
60.263070,10.668789
60.263146,10.668778
60.263235,10.668755
60.263313,10.668731
60.263405,10.668697
60.263498,10.668657
60.263601,10.668606
60.263699,10.668550
60.263795,10.668480
60.263879,10.668408
60.263953,10.668337
60.264024,10.668259
60.264133,10.668127
60.264277,10.667941
60.264356,10.667855
60.264433,10.667776
60.264495,10.667719
60.264564,10.667660
60.264626,10.667614
60.264708,10.667561
60.264808,10.667505
60.264879,10.667468
60.264973,10.667427
60.265054,10.667398
60.265131,10.667378
60.265201,10.667364
60.265266,10.667355
60.265328,10.667353
60.265404,10.667353
60.265506,10.667359
60.265640,10.667360
60.265691,10.667355
60.265771,10.667342
60.265839,10.667325
60.265888,10.667311
60.265938,10.667287
60.266001,10.667255
60.266051,10.667220
60.266108,10.667171
60.266174,10.667100
60.266243,10.667014
60.266296,10.666931
60.266348,10.666845
60.266397,10.666743
60.266446,10.666635
60.266494,10.666504
60.266537,10.666373
60.266579,10.666218
60.266620,10.666061
60.266651,10.665938
60.266754,10.665491
60.266812,10.665259
60.266869,10.665063
60.266924,10.664917
60.266991,10.664763
60.267062,10.664638
60.267128,10.664541
60.267206,10.664455
60.267275,10.664395
60.267345,10.664345
60.267415,10.664309
60.267491,10.664289
60.267572,10.664277
60.267647,10.664279
60.267733,10.664285
60.267733,10.664285
